ID	可愛い	カジュアル	ポップ	クール	エレガント	幻想・神秘的	モダン	ナチュラル	シンプル	和風	筆文字	中華風	アジアン	アメリカン	ヨーロピアン	メタリック	フルカラー	動物	魚介類	植物系	イラスト	スポーツ	ダンス	エンブレム	音楽
1	1	0	4	0	0	0	0	0	0	0	0	0	0	1	0	0	0	0	0	0	4	0	0	3	0
2	4	0	3	0	0	0	0	0	0	1	0	0	0	0	0	0	2	0	0	0	5	0	0	0	0
3	1	0	0	0	3	0	0	0	0	0	0	0	0	0	4	0	1	0	0	0	0	0	0	3	0
4	0	0	0	2	4	2	0	0	0	0	0	0	0	0	1	0	0	0	0	2	0	0	2	0	0
5	0	0	0	0	0	0	1	0	0	3	5	0	0	0	0	0	0	0	0	0	0	1	0	0	0
6	0	1	0	3	0	0	0	0	1	0	0	0	0	0	0	0	0	0	0	0	1	5	0	0	0
7	0	0	2	3	0	0	3	0	2	0	0	0	0	0	0	0	0	0	0	0	0	0	0	2	0
8	0	0	0	1	0	5	0	0	0	0	0	0	0	0	0	0	3	0	0	0	1	0	0	0	1
9	5	0	1	0	0	0	0	0	0	0	0	0	0	0	0	0	1	0	0	0	5	0	0	0	2
10	0	1	2	0	0	0	1	0	0	0	0	0	0	0	0	0	0	0	0	0	0	0	0	0	5
11	4	1	3	0	0	0	0	0	0	1	0	0	0	0	0	0	2	0	0	0	5	0	0	0	0
12	0	0	0	2	0	0	0	1	1	4	4	0	0	0	0	0	0	0	0	0	0	0	0	0	0
13	1	1	4	1	0	0	1	0	1	0	0	0	0	0	0	0	0	0	0	0	0	1	0	0	0
14	0	0	0	3	0	0	0	0	1	0	0	0	0	0	1	0	0	0	0	2	0	2	0	3	0
15	0	0	0	5	0	0	0	0	0	0	0	0	0	2	0	1	0	3	1	0	1	0	0	1	0
16	0	1	0	1	0	0	3	0	3	0	0	0	0	1	1	0	0	0	0	0	0	0	0	1	0
17	0	2	2	0	0	0	1	0	0	0	0	0	0	1	1	0	0	0	0	0	2	3	0	1	0
18	0	1	1	1	0	1	0	1	1	2	3	0	1	0	0	0	0	1	4	0	1	2	0	0	0
19	0	1	3	1	0	0	0	0	0	0	0	1	1	0	0	0	0	0	0	0	0	0	0	1	0
20	0	4	0	2	0	0	0	1	1	0	0	0	0	0	0	0	1	0	0	0	2	0	0	0	0
21	0	2	0	1	1	1	1	1	0	0	0	0	0	1	0	0	1	0	0	3	1	0	0	0	0
22	0	1	0	3	0	0	0	0	0	5	4	0	0	0	0	0	0	0	0	0	2	5	0	0	0
23	0	1	2	3	0	0	0	0	0	5	4	0	0	0	0	0	0	0	0	0	2	3	0	0	0
24	5	0	2	0	0	0	1	1	0	0	0	0	0	0	1	0	0	0	0	0	5	0	0	0	0
25	0	3	2	0	0	0	1	2	0	0	0	0	0	3	1	0	2	0	0	2	1	1	0	0	0
26	2	0	3	1	0	0	2	0	1	0	0	0	0	0	0	0	0	0	5	0	1	0	0	0	0
27	0	0	1	1	0	2	1	3	0	0	0	0	0	0	0	0	0	1	5	0	1	1	0	0	0
28	3	1	2	1	0	0	0	1	0	0	0	0	0	0	0	0	0	3	0	0	5	3	0	0	0
29	1	1	2	2	0	0	1	0	0	0	0	0	0	1	0	1	0	3	0	0	1	0	0	0	0
30	0	0	1	3	0	0	0	0	3	0	0	0	0	0	0	0	0	0	0	0	1	1	0	2	0
31	0	0	1	0	0	0	0	0	0	5	2	0	0	0	0	0	0	0	5	0	1	0	0	0	0
32	0	1	0	2	0	0	0	0	0	4	4	0	1	0	0	0	0	0	0	0	1	5	0	0	0
33	1	1	3	2	0	0	0	0	1	0	0	0	0	0	0	0	0	4	0	0	4	5	0	0	0
34	0	0	0	3	0	0	0	0	5	0	0	0	0	1	1	0	0	0	0	0	0	0	0	0	0
35	0	1	1	2	0	0	0	0	1	1	0	0	0	0	0	0	0	0	4	0	2	1	0	0	0
36	0	2	1	2	0	0	0	0	3	0	0	0	0	0	0	0	0	0	0	0	0	3	1	0	0
37	2	2	2	1	0	0	0	0	0	0	0	0	0	2	0	0	2	0	0	0	3	1	1	2	0
38	0	0	3	2	0	0	0	0	2	0	0	0	0	2	1	0	0	0	0	0	0	0	0	0	0
39	0	1	4	1	0	0	1	0	0	0	0	0	0	1	0	0	1	1	0	2	5	0	0	0	0
40	3	0	2	2	2	0	1	0	0	0	0	0	0	0	0	0	0	0	0	0	5	0	1	0	0
41	0	2	1	1	0	1	1	0	0	0	0	0	0	1	1	0	0	0	1	1	0	2	0	0	0
42	0	0	0	4	0	3	1	0	1	0	0	0	0	0	0	0	0	0	0	0	1	0	1	0	0
43	4	0	2	0	0	0	0	1	0	0	0	0	0	0	0	0	1	2	0	0	5	0	0	0	0
44	1	2	1	0	1	1	0	1	3	0	0	0	0	0	0	0	0	0	0	0	4	0	0	0	0
45	3	1	2	0	0	0	1	0	0	0	0	0	0	0	0	0	0	0	0	0	5	0	0	0	0
46	0	1	2	3	0	0	0	0	0	0	4	0	0	2	0	0	0	0	0	0	1	0	0	1	0
47	2	0	5	1	0	0	0	0	0	0	0	0	1	0	0	0	1	2	0	0	5	0	0	0	0
48	4	0	5	0	0	0	1	1	0	0	0	0	0	1	0	0	1	2	0	0	4	0	0	1	0
49	0	1	1	2	0	0	2	0	3	3	0	0	0	0	0	0	0	0	0	1	0	0	0	0	0
50	0	2	2	3	0	0	2	0	0	0	0	0	0	1	0	0	0	0	0	0	1	0	0	5	0
51	0	0	0	5	0	1	1	0	0	1	0	2	1	0	0	0	0	3	0	0	1	0	0	2	0
52	0	1	1	3	0	0	1	0	1	0	0	0	0	0	0	0	0	0	0	1	1	1	0	3	0
53	0	1	4	0	0	0	0	0	0	0	0	0	0	1	0	0	0	0	0	0	3	0	0	0	0
54	0	1	2	2	0	0	2	0	2	0	0	0	0	0	1	0	0	0	0	0	1	0	0	1	0
55	0	0	1	2	3	1	0	1	0	0	0	0	1	0	1	0	0	0	0	1	1	1	0	1	3
56	0	3	4	2	0	0	0	1	1	0	0	0	0	2	0	0	0	0	0	0	0	0	0	0	0
57	3	0	5	0	0	0	0	0	0	0	0	0	1	0	0	0	2	0	0	0	1	0	1	0	1
58	0	0	3	3	0	0	1	1	2	0	0	0	0	1	0	0	0	0	0	0	0	0	1	1	0
59	0	1	1	2	0	0	1	1	3	0	0	0	0	1	1	0	0	0	0	2	0	1	0	0	0
60	0	0	3	1	0	0	1	0	2	0	0	0	0	1	1	0	0	0	0	0	4	0	0	1	0
61	1	0	1	2	3	1	0	0	3	0	0	0	0	1	1	0	0	0	0	0	1	0	0	0	0
62	4	0	3	0	0	0	0	0	0	0	0	0	1	1	0	0	3	0	0	0	4	0	1	0	1
63	0	0	3	3	0	0	1	0	0	0	0	0	0	2	0	0	0	0	0	0	1	0	1	0	4
64	0	1	2	1	0	1	2	0	1	0	0	0	0	1	1	0	1	0	0	0	0	0	0	1	0
65	0	2	4	3	0	0	1	0	0	0	0	0	0	2	0	0	0	0	0	0	0	0	1	0	1
66	3	3	1	1	0	0	0	1	0	0	0	0	0	1	0	0	0	0	0	0	3	1	2	0	0
67	1	2	0	0	1	2	0	0	0	2	3	1	1	0	0	0	1	0	0	1	2	5	1	0	0
68	0	1	0	2	0	0	0	0	0	2	0	1	1	1	1	0	0	1	4	0	2	1	0	0	0
69	0	0	2	2	2	0	2	0	0	0	0	0	0	1	2	0	0	0	0	0	0	0	1	1	0
70	0	0	1	5	0	3	1	0	1	0	0	0	0	0	0	0	0	0	0	0	0	2	0	1	0
71	0	2	0	1	0	0	0	0	0	0	0	0	0	4	0	0	0	0	0	0	3	0	0	0	0
72	0	0	0	3	0	0	0	0	0	2	5	1	1	0	0	0	1	0	0	0	0	2	0	0	0
73	0	2	0	1	0	0	1	0	1	0	0	0	0	4	1	0	0	0	0	0	1	0	0	1	0
74	0	0	1	2	0	2	0	0	0	1	0	4	1	0	0	0	0	2	0	0	4	0	0	1	0
75	0	0	1	0	0	0	0	1	1	1	3	1	0	0	0	0	0	2	4	0	3	1	0	0	0
76	0	2	3	1	0	0	0	0	0	0	0	0	0	2	1	0	0	0	0	0	0	4	0	1	0
77	0	2	1	1	0	0	2	1	1	0	0	0	0	1	1	0	0	1	1	0	2	0	0	0	0
78	5	0	1	0	1	0	0	0	1	0	0	0	0	0	0	0	2	0	0	0	5	0	0	0	1
79	4	1	3	1	0	1	0	0	0	0	0	0	0	0	0	0	3	0	0	0	1	0	0	0	0
80	4	0	4	0	0	0	0	0	0	0	0	1	1	0	0	0	1	0	0	0	5	0	0	0	1
81	0	1	0	2	0	0	1	0	2	2	2	0	1	0	0	0	0	0	0	0	2	0	0	1	0
82	4	0	4	0	0	1	2	0	0	0	0	0	0	0	0	0	2	0	0	0	5	0	0	0	1
83	4	1	1	0	0	0	0	2	0	0	0	0	0	0	0	0	2	5	0	0	2	0	0	0	0
84	5	0	0	1	0	0	0	1	0	0	0	0	0	0	0	0	3	0	0	0	5	0	0	0	0
85	4	0	3	0	0	1	0	1	0	0	0	0	1	0	0	0	1	0	0	4	4	0	0	0	0
86	0	0	0	3	0	0	3	0	0	1	0	0	0	0	1	0	0	0	0	0	2	0	0	0	0
87	0	0	0	3	1	2	0	0	2	2	0	1	0	0	0	0	0	0	0	2	2	0	0	1	0
88	0	1	5	1	0	0	0	0	1	0	0	0	0	2	0	0	2	0	0	0	2	1	1	1	0
89	1	0	4	0	0	0	0	0	0	0	0	0	0	1	0	0	3	5	1	0	2	0	0	1	0
90	0	1	2	0	0	0	0	0	0	4	0	1	1	0	0	0	3	0	0	0	5	0	0	0	0
91	0	1	0	5	0	0	2	0	1	0	0	0	0	4	1	0	0	0	0	0	2	0	0	3	0
92	0	0	2	4	0	1	0	0	0	0	0	0	0	2	0	0	0	0	0	0	2	0	2	0	3
93	0	0	4	1	0	1	0	0	1	0	1	0	0	1	0	0	1	0	0	0	2	1	1	1	0
94	0	1	0	5	0	0	0	0	1	0	0	0	0	1	0	0	0	1	5	0	1	1	0	1	0
95	3	2	3	0	0	0	0	1	0	0	0	0	1	1	1	0	3	0	0	0	5	0	0	0	0
96	0	2	3	2	0	0	0	0	0	0	0	0	1	2	0	0	0	0	0	0	0	3	0	0	0
97	1	2	2	1	0	0	1	0	0	2	0	0	1	0	0	1	0	0	0	0	5	1	0	0	0
98	0	1	0	4	0	0	1	0	1	0	0	0	1	2	0	0	0	0	0	0	0	4	1	0	0
99	0	1	2	0	0	0	0	2	2	0	0	0	1	1	1	0	0	0	0	0	0	2	0	4	0
100	2	1	1	2	0	2	0	0	3	0	0	0	0	0	0	0	2	3	0	0	1	0	0	0	0
101	2	0	1	2	0	2	0	0	3	0	0	0	1	0	0	0	2	3	0	0	1	0	0	0	0
102	0	0	0	2	0	0	1	0	4	0	0	0	0	1	1	0	0	0	0	0	0	0	0	2	0
103	0	0	0	5	0	0	0	0	1	0	3	0	0	2	0	0	0	0	0	0	0	0	1	1	0
104	0	0	1	4	0	0	1	0	1	0	0	0	1	2	1	0	0	0	0	0	0	1	0	1	0
105	0	0	3	1	1	1	0	1	2	0	0	0	0	1	1	0	0	0	0	0	1	0	1	1	0
106	0	0	1	3	0	0	0	0	1	0	0	0	1	1	0	0	0	0	0	0	3	4	1	0	0
107	3	1	3	0	0	0	0	0	0	1	0	0	1	1	1	0	0	0	0	0	5	0	0	0	0
108	0	1	0	3	0	0	0	0	4	0	0	0	1	1	1	0	0	0	0	0	0	0	0	1	0
109	0	1	0	2	0	0	1	0	4	0	0	0	1	1	1	0	0	0	0	0	0	0	0	0	0
110	0	0	4	1	0	0	1	0	1	0	0	0	1	1	1	0	0	0	0	0	0	4	0	3	0
111	0	0	2	4	0	0	4	0	2	0	0	0	0	1	1	0	0	0	0	0	0	0	0	0	0
112	0	1	0	0	0	0	1	1	0	5	3	0	2	0	0	0	0	0	0	2	1	0	0	0	0
113	0	1	2	1	0	0	0	0	1	0	2	0	1	1	0	0	0	0	0	0	1	4	1	0	0
114	0	1	2	1	1	2	0	1	1	1	2	0	1	0	0	0	0	0	0	3	0	0	0	0	0
115	0	1	3	2	0	0	0	0	3	0	0	0	1	1	1	0	0	0	0	0	1	1	0	3	0
116	3	1	1	0	0	0	0	0	0	0	0	0	0	0	0	0	0	3	0	0	3	5	0	0	0
117	0	1	2	2	0	0	0	0	1	0	0	0	1	1	1	0	0	0	0	0	3	4	0	0	0
118	0	0	1	3	0	0	2	0	2	4	0	0	1	0	0	0	0	0	0	0	1	0	0	0	4
119	0	1	0	1	0	0	0	1	0	2	0	0	1	0	0	0	3	3	0	0	5	0	0	0	0
120	0	0	4	0	0	0	1	0	1	3	0	0	1	0	0	0	0	0	0	0	3	0	0	0	0
121	4	2	2	0	0	0	0	0	0	0	0	0	1	0	0	0	0	0	0	0	5	2	0	0	0
122	0	2	4	1	0	0	3	0	2	2	0	0	1	0	0	0	0	0	0	0	1	0	0	2	0
123	0	0	3	3	0	0	1	0	2	3	0	0	1	0	0	0	0	0	0	0	0	0	0	1	0
124	0	2	2	0	0	0	0	2	1	1	1	0	1	0	0	0	0	0	0	0	0	0	0	1	0
125	0	0	2	1	0	0	0	1	4	0	0	0	0	1	1	0	1	0	0	0	0	0	0	0	0
126	0	2	2	3	0	0	1	0	0	0	0	0	0	3	2	0	0	0	0	0	1	0	0	2	0
127	0	0	1	1	0	0	2	0	4	1	0	0	1	1	1	0	0	0	0	0	1	0	0	1	0
128	1	0	0	0	5	1	1	1	2	0	0	0	0	1	2	0	0	0	0	0	0	0	0	1	0
129	0	0	1	3	0	0	3	0	1	0	0	0	1	1	0	0	0	0	0	0	0	0	0	2	0
130	0	0	3	0	0	0	0	0	4	0	0	0	1	1	0	0	0	0	0	0	0	0	0	2	0
131	0	0	3	1	0	0	1	0	3	0	0	0	1	1	0	0	0	0	0	0	0	0	0	2	0
132	0	0	1	3	0	0	1	0	5	0	0	0	0	0	0	0	0	0	0	0	0	0	0	1	0
133	0	0	3	0	0	0	2	0	4	0	0	0	1	1	0	0	0	0	0	0	0	0	0	2	0
134	1	0	3	1	0	0	1	0	2	0	0	0	1	1	0	0	0	4	0	0	2	0	0	2	0
135	0	0	1	4	0	0	1	0	0	0	0	0	0	1	0	1	0	0	0	0	0	0	0	0	0
136	0	0	0	2	3	0	1	1	2	0	0	0	1	1	2	0	0	0	0	0	0	0	0	2	0
137	3	2	2	0	0	0	0	0	0	0	0	0	1	0	0	0	0	4	0	0	3	0	0	0	0
138	1	0	2	0	3	2	0	1	0	0	0	0	1	1	0	0	0	0	1	0	0	0	0	1	0
139	0	0	1	1	0	0	2	0	5	0	0	1	1	0	0	0	0	0	0	0	0	0	0	2	0
140	2	0	3	0	3	2	0	0	1	0	0	0	1	0	0	0	0	0	0	4	0	0	0	0	0
141	0	1	1	2	0	0	1	0	0	0	0	1	1	1	0	0	0	0	0	0	0	2	0	1	0
142	0	0	1	2	0	0	0	0	4	0	0	0	1	0	0	0	0	0	0	0	0	0	0	1	0
143	2	1	2	0	0	0	0	1	2	0	0	1	1	0	0	0	0	0	0	0	2	0	0	1	0
144	0	1	2	4	0	0	0	0	1	0	0	0	0	1	0	0	0	0	0	0	0	1	0	1	0
145	0	0	1	2	0	0	1	0	2	0	0	0	1	1	0	0	0	0	0	0	0	0	0	2	0
146	2	1	2	0	0	0	0	0	1	0	0	0	0	1	1	0	0	2	0	0	3	0	0	0	0
147	0	0	0	0	2	4	0	0	3	1	0	1	1	0	0	0	0	0	0	1	0	0	0	1	0
148	0	0	2	0	1	1	0	1	3	0	0	0	0	0	0	0	0	0	0	3	0	0	0	1	0
149	0	0	3	2	0	0	1	0	4	0	0	0	0	1	0	0	0	0	0	0	0	0	0	1	0
150	0	0	0	1	4	1	2	0	2	0	0	0	0	0	1	0	0	0	0	0	1	0	0	1	0
151	0	0	0	0	4	1	0	1	0	0	0	0	0	0	2	1	0	0	0	0	0	0	0	1	0
152	0	0	3	1	0	0	1	0	1	0	0	0	0	1	0	0	0	0	0	0	0	0	0	0	0
153	0	0	4	0	0	0	1	0	0	0	0	0	0	1	0	0	3	0	0	0	0	0	0	0	1
154	0	0	2	2	0	0	2	0	1	1	0	0	1	1	0	0	0	0	1	0	0	0	0	0	0
155	0	0	1	0	4	0	0	2	0	0	0	0	0	1	1	0	0	1	0	0	1	0	0	1	0
156	0	0	0	3	1	1	0	0	3	0	0	0	0	0	1	1	0	0	0	0	0	0	0	1	0
157	0	0	3	0	0	0	2	0	1	0	0	0	1	1	0	0	2	0	0	0	0	0	0	0	0
158	0	0	0	3	1	0	1	0	3	0	0	0	0	0	0	0	0	0	0	0	0	0	0	1	0
159	0	0	2	1	0	0	0	1	2	0	0	0	0	1	1	0	0	0	0	0	1	0	0	1	0
160	0	0	3	0	1	0	0	1	0	0	0	0	0	1	1	0	0	0	0	3	1	0	0	1	0
161	0	1	0	2	0	0	1	0	0	0	0	0	1	2	0	0	0	0	0	0	0	0	0	3	0
162	0	0	0	4	0	1	0	0	2	0	0	0	0	0	1	0	0	2	0	0	1	0	0	1	0
163	0	1	0	2	1	1	0	0	0	0	0	0	0	0	1	0	0	2	0	0	0	0	0	4	0
164	0	1	4	0	1	0	0	0	0	0	0	0	1	1	0	0	0	0	0	0	3	0	1	1	1
165	0	0	1	1	0	0	0	0	3	0	1	0	1	1	0	0	0	0	0	0	0	0	0	1	0
166	0	0	0	0	4	1	0	0	0	0	0	0	0	0	2	0	0	0	0	2	1	0	0	1	0
167	0	1	2	0	0	0	0	1	1	0	0	0	1	1	0	0	3	0	0	0	2	0	0	1	0
168	0	1	1	2	0	0	0	0	1	0	0	0	1	1	0	0	1	0	0	0	0	0	0	1	0
169	0	0	0	0	0	2	2	0	0	4	0	0	1	0	0	0	0	0	0	0	0	0	0	0	0
170	2	1	2	0	0	0	0	1	0	1	0	0	1	0	0	0	0	3	0	0	4	0	0	0	0
171	0	1	0	3	0	0	0	0	1	0	0	0	1	2	0	0	0	0	0	0	2	0	0	2	0
172	0	1	2	1	0	0	0	0	2	0	0	0	1	1	0	0	0	0	0	0	3	0	0	0	0
173	3	0	2	0	0	0	0	0	0	0	0	1	1	0	0	0	2	0	0	0	3	0	0	0	0
174	0	0	2	1	2	0	0	0	1	0	0	0	0	0	0	0	0	0	0	2	1	0	0	1	0
175	0	0	1	2	1	0	0	0	0	0	0	0	0	0	1	0	2	0	0	0	1	0	0	4	0
176	0	0	3	1	1	0	1	0	0	0	0	0	1	1	0	0	0	0	0	1	0	0	0	1	0
177	0	0	1	4	0	0	0	0	0	2	3	0	1	0	0	0	1	0	0	0	0	0	0	1	0
178	1	0	2	0	0	1	0	0	0	0	0	0	0	1	0	0	0	1	4	0	3	0	0	0	0
179	2	1	3	0	0	0	0	0	1	0	0	0	1	1	0	0	0	0	0	0	3	0	0	0	0
180	0	0	2	0	1	2	1	0	0	0	0	0	0	1	1	0	3	0	0	2	1	0	0	0	0
181	0	0	0	2	0	0	0	0	0	2	3	0	0	0	0	0	0	0	0	0	1	4	0	1	0
182	0	1	3	1	0	0	0	0	0	0	0	0	1	1	1	0	0	0	0	0	0	1	0	0	0
183	0	1	3	0	0	0	0	0	0	0	0	0	0	1	0	0	1	0	0	0	2	4	0	0	0
184	0	0	1	2	0	0	1	0	0	1	4	0	1	0	0	0	0	0	0	0	0	0	0	0	0
185	0	1	2	1	0	0	1	0	0	0	0	0	0	1	1	0	0	0	0	0	0	2	0	1	0
186	1	0	4	0	0	0	2	0	0	1	0	0	1	0	0	0	0	2	0	0	2	0	0	0	0
187	0	0	3	2	0	0	0	0	0	0	0	0	1	1	0	0	0	0	0	0	0	0	0	1	0
188	2	1	2	0	0	0	0	0	0	0	0	0	1	1	0	0	0	2	0	0	3	0	0	0	0
189	0	0	0	4	0	0	0	0	1	0	1	0	0	0	0	0	0	1	4	0	0	1	0	0	0
190	0	1	1	1	0	0	0	0	0	0	0	0	1	1	0	0	0	0	4	0	1	1	0	0	0
191	0	0	0	4	0	0	1	0	0	0	0	0	1	1	0	0	1	0	0	0	0	0	0	3	0
192	1	0	2	0	0	0	0	0	0	0	2	0	1	0	0	0	2	0	0	0	4	0	0	0	2
193	3	0	3	0	0	0	0	1	1	0	0	0	0	0	0	0	0	3	0	1	4	0	0	0	0
194	0	0	2	2	0	0	0	0	0	0	0	0	1	1	0	0	1	2	3	0	2	1	0	1	0
195	1	0	1	0	0	0	0	0	0	0	0	0	1	1	0	0	2	3	0	0	4	0	0	0	0
196	0	0	0	4	0	0	0	0	1	0	0	0	1	2	1	0	0	3	0	0	1	0	0	2	0
197	0	0	0	1	0	0	1	0	1	3	3	0	1	1	0	0	0	0	0	0	0	4	1	0	0
198	0	1	1	2	0	0	0	0	1	0	0	0	1	1	1	0	0	0	0	0	3	0	0	0	0
199	0	0	0	3	3	1	0	0	2	0	0	0	0	0	0	0	0	0	0	3	2	0	0	0	0
200	0	0	0	0	0	0	1	0	3	0	0	0	1	1	0	0	0	0	0	0	0	0	0	1	0
201	0	0	2	2	0	0	1	0	1	0	0	0	0	0	0	0	1	0	0	0	0	0	0	1	0
202	0	0	1	3	0	0	0	0	0	0	0	0	0	1	0	2	0	0	0	0	0	1	0	1	0
203	0	1	1	1	0	0	1	0	3	0	0	0	1	1	0	0	0	0	0	0	0	0	0	0	0
204	0	0	2	1	0	0	0	1	0	0	0	0	0	0	0	0	0	0	0	0	2	4	0	0	0
205	0	0	2	1	1	0	0	1	1	0	0	0	0	0	0	0	0	0	0	0	1	0	0	1	3
206	0	1	2	2	1	0	0	0	0	0	0	0	0	0	0	0	0	0	0	2	0	0	0	2	0
207	0	1	1	2	0	0	0	1	0	3	1	0	0	0	0	0	0	0	0	0	2	0	0	1	0
208	0	1	4	0	0	0	0	0	0	0	1	0	1	0	0	0	0	0	2	0	2	0	0	1	0
209	0	0	2	1	0	0	2	0	1	0	0	0	1	1	0	0	0	0	0	0	0	0	0	0	0
210	0	0	2	0	0	0	0	0	1	0	0	0	0	0	0	0	0	0	0	1	0	4	0	3	0
211	0	0	2	1	0	0	0	2	0	0	0	0	1	0	0	0	0	0	0	0	1	0	0	0	0
212	3	0	3	0	0	0	0	0	0	0	0	0	1	1	0	0	0	0	0	0	4	0	0	0	0
213	3	1	2	0	0	0	0	1	1	0	0	0	0	0	0	0	0	0	0	0	4	0	0	0	3
214	0	0	0	4	0	0	0	0	0	0	0	0	0	1	0	0	0	0	0	0	1	4	0	0	0
215	0	1	2	0	0	0	1	0	1	0	0	0	0	1	0	0	0	4	0	0	2	2	0	0	0
216	0	1	0	1	0	0	3	1	1	4	0	1	1	0	0	0	0	0	0	0	0	0	0	1	0
217	0	2	4	0	0	0	0	0	0	0	0	0	0	1	0	0	0	0	0	0	2	1	0	0	0
218	0	0	3	1	0	0	2	0	2	0	0	0	0	1	1	0	0	0	0	0	0	0	0	0	0
219	0	0	0	3	2	0	0	1	1	1	0	1	1	0	0	0	0	0	0	0	1	1	0	0	0
220	3	0	0	0	0	0	0	1	1	0	0	0	0	0	0	0	0	4	0	0	4	0	0	0	0
221	0	0	2	0	0	0	0	1	0	4	3	0	1	0	0	0	0	0	0	2	2	0	0	0	0
222	1	0	0	1	3	0	0	0	0	2	1	1	1	0	0	0	0	0	0	3	1	0	0	0	0
223	0	1	3	0	0	0	0	1	0	1	2	0	1	0	0	0	0	2	2	0	1	0	0	0	0
224	0	0	2	2	0	0	0	0	2	0	0	0	1	0	0	0	0	0	0	0	2	3	0	0	0
225	0	1	2	3	0	0	1	0	0	0	0	0	1	2	0	0	0	0	0	0	0	3	0	0	0
226	0	1	3	0	0	0	0	0	0	0	0	0	0	1	0	1	2	4	0	0	2	0	0	0	2
227	0	1	3	0	0	0	0	0	0	0	0	0	0	1	0	0	3	4	1	0	3	0	0	0	1
228	0	0	1	4	0	1	2	0	0	0	0	0	1	0	0	0	0	2	3	0	1	0	0	1	0
229	0	2	3	1	0	0	0	1	1	0	0	0	0	0	0	0	0	0	0	0	2	0	0	0	0
230	0	0	0	3	0	0	3	0	3	0	0	0	0	1	1	0	0	0	0	0	0	0	0	1	0
231	1	0	1	1	0	0	0	0	1	0	0	0	3	0	0	0	0	4	0	0	3	0	0	0	0
232	0	1	1	2	0	0	0	0	0	0	0	0	0	0	0	0	0	0	0	0	2	4	0	3	0
233	0	0	1	3	0	0	1	0	3	0	0	0	0	0	0	0	0	0	0	0	1	4	0	0	0
234	0	0	1	0	3	2	1	0	0	0	0	0	0	0	0	0	1	0	0	0	1	2	0	0	0
235	4	1	1	0	0	0	0	0	0	0	0	0	0	0	0	0	1	0	0	0	4	2	0	0	0
236	0	1	2	2	0	0	0	0	1	0	0	0	0	0	0	0	0	0	0	0	1	3	0	1	0
237	0	1	3	1	0	0	0	0	1	0	0	0	1	0	1	0	0	0	0	0	2	2	0	3	0
238	1	0	3	0	0	0	0	0	0	0	0	0	0	0	0	0	0	0	0	0	3	0	0	0	0
239	0	0	1	1	0	0	2	0	1	0	0	0	0	0	1	0	0	0	0	0	2	2	0	0	0
240	0	0	4	0	0	0	0	0	1	0	0	0	0	0	0	0	0	0	0	0	3	2	0	0	0
241	0	2	1	1	0	0	0	0	1	0	0	0	0	2	0	0	0	0	0	0	0	3	0	1	0
242	2	0	1	0	0	0	0	0	1	0	0	0	0	0	0	0	0	0	0	0	4	4	0	0	0
243	0	1	3	0	0	0	0	0	2	0	0	0	0	0	0	0	0	0	0	0	0	1	0	1	0
244	0	0	3	0	0	0	0	0	2	0	0	0	0	0	0	0	0	0	0	0	0	4	0	1	0
245	0	0	0	3	1	0	0	0	1	2	4	0	1	0	0	0	0	0	0	0	0	0	0	0	0
246	0	1	3	0	0	0	0	0	2	2	0	1	0	0	0	0	0	0	0	0	2	0	0	0	0
247	0	0	1	2	0	0	1	0	0	4	1	0	0	0	0	0	0	0	0	0	2	0	0	1	0
248	0	0	2	1	0	0	0	0	0	0	0	0	0	1	0	0	3	2	0	0	4	3	0	0	0
249	0	0	2	3	0	0	0	0	2	0	0	0	0	0	0	0	0	0	0	0	2	1	0	0	0
250	0	0	2	2	0	0	1	0	2	0	0	0	0	1	0	0	0	0	0	0	0	0	0	1	0
251	0	0	1	0	0	0	2	1	1	1	4	0	0	0	0	0	0	2	0	0	1	0	0	0	0
252	0	2	3	0	0	0	1	0	1	0	0	0	1	1	0	0	0	0	0	0	2	0	0	1	0
253	0	1	4	0	0	0	1	0	1	0	0	0	0	0	0	0	1	0	0	0	2	0	0	1	0
254	0	0	0	4	0	0	1	0	1	0	0	0	0	1	0	0	0	0	0	0	0	0	0	1	0
255	2	0	4	0	0	0	1	0	0	0	0	0	0	1	1	0	0	0	0	0	3	0	0	1	0
256	0	0	0	1	0	1	3	0	1	0	0	0	0	1	0	0	0	0	0	0	2	1	0	0	0
257	0	1	2	1	0	0	2	0	1	4	2	0	1	0	0	0	0	0	0	0	1	0	0	1	0
258	0	0	1	0	2	0	0	4	0	0	0	0	0	0	1	0	0	0	0	3	1	0	0	0	0
259	2	1	3	0	0	0	0	1	1	0	0	0	0	0	0	0	0	0	0	0	4	0	0	0	0
260	0	1	0	1	0	0	0	2	1	2	3	0	0	0	0	0	0	0	0	4	2	0	0	0	0
261	0	0	1	0	0	0	1	1	2	0	0	0	0	0	1	0	1	0	0	0	1	0	0	1	0
262	0	1	0	2	0	0	1	0	1	0	0	0	1	1	0	0	0	0	0	0	0	0	0	1	0
263	0	3	1	2	0	0	3	0	1	0	0	0	1	1	1	0	0	0	0	0	2	2	0	0	0
264	0	1	2	1	0	0	0	0	0	0	0	0	1	1	0	0	0	1	4	0	2	0	0	1	0
265	1	1	3	0	0	0	1	0	1	0	0	0	0	1	1	0	1	0	0	0	2	0	0	1	0
